Tag_id	Gm12878	K562	H1hesc
AAGAB_chr15_67547014_67546995_67546999	23.1066213791506	39.5669980224521	18.7566735845536
ABCE1_chr4_146019368_146019361_146019357	9.31939652302635	23.6451429623663	4.92196399027292
ABHD14A-ACY1_chr3_52017504_52017551_52017520	7.09918735136419	84.5105926230303	24.0245053146835
AC005154.6_chr7_30634379_30634367_30634385	21.4346120029606	24.2689469852428	3.93757119221834
AC012379.1_chr15_49170333_49170327_49170331	124.907323398327	159.872059577205	143.402085986871
AC016995.3_chr2_38709290_38709287_38709291	2.68617899781348	12.3572606436487	2.68712628658143
AC093677.1_chr4_75023856_75023830_75023842	2.3846691103038	12.386965597119	5.24122651937171
ACAA1_chr3_38178618_38178568_38178585	14.5272945800117	5.31718667118538	3.80454513842718
ACAD9_chr3_128598466_128598470_128598492	28.3419294259096	8.94119099456313	25.2217397988039
ACAT2_chr6_160183573_160183578_160183541	4.65969826151318	9.83233959867241	39.216080657634
ACOT8_chr20_44486031_44486019_44486010	56.3549389745358	32.1407596548748	77.0752955665981
ACTB_chr7_5568905_5568911_5568908	30.5621385975717	9.03030585497406	8.8063247609748
ACTR3_chr2_114647652_114647648_114647640	302.688517069941	196.141807764453	97.5080974289203
ACTR3_chr2_114647652_114647648_114647708	302.688517069941	196.141807764453	9.41824460841413
ACY1_chr3_52017504_52017551_52017520	7.09918735136419	84.5105926230303	24.0245053146835
ADA_chr20_43280340_43280368_43280331	79.9001201900642	8.13915725086478	12.7172907424349
ADA_chr20_43280340_43280368_43280373	79.9001201900642	8.13915725086478	8.56687786415071
ADAL_chr15_43622855_43622870_43622872	6.66062751498648	10.0699792264349	2.68712628658143
ADAR_chr1_154600437_154600445_154600405	10.9091759298956	4.24780834625425	33.3363290800647
AKIRIN1_chr1_39456944_39456969_39456981	29.9317088327787	45.6565134838656	215.369181087888
AL096677.1_chr20_23331413_23331428_23331403	10.2239261855554	8.46591173903818	16.9209140422356
AL136376.1_chr1_116915918_116915912_116915866	26.0394902849266	17.7932671287153	65.7946862051078
ALDOA_chr16_30080139_30080174_30080177	18.3921031380902	155.980710672595	3.96417640297657
ANAPC10_chr4_146019368_146019361_146019357	9.31939652302635	23.6451429623663	4.92196399027292
AP2B1_chr17_33914429_33914521_33914341	7.23623730023223	114.482890674572	105.915344028522
AP3S1_chr5_115177639_115177643_115177632	7.97630702411961	5.76276097324003	4.6559118826906
API5_chr11_43333536_43333546_43333585	20.8315922279413	33.7448271422715	53.9553674176945
APIP_chr11_34937930_34937926_34937883	28.7804892622873	64.994438193037	7.58248506609612
ARL3_chr10_104474098_104474095_104474067	8.30522690140289	4.03987367196208	75.798245450203
ATAD2_chr8_124408687_124408670_124408664	100.512432499817	166.436854294144	53.3966579917716
ATF6B_chr6_32096013_32095997_32095996	11.5944256742357	5.61423620588848	5.3210421516464
ATG13_chr11_46639113_46639118_46639104	51.5033707846074	31.873415073642	53.6361048885957
ATG16L1_chr2_234160318_234160329_234160349	13.8420448356715	12.5057854110003	35.5179563622397
ATP1A1_chr1_116915918_116915912_116915866	26.0394902849266	17.7932671287153	65.7946862051078
ATP6V1C1_chr8_104033316_104033311_104033330	64.0571461009194	130.969139850594	156.412034047646
ATP6V1F_chr7_128502933_128502915_128502918	224.350766296973	739.980095898878	167.878879884444
ATP6V1G1_chr9_117350049_117350058_117350104	237.48015139853	484.606610914628	631.261835660571
BANF1_chr11_65769607_65769601_65769628	7.1265973411378	15.1792312233281	2.34125854672442
BBC3_chr19_47724253_47724216_47724255	47.1177724208303	17.5556275009529	59.9415398382967
BBC3_chr19_47724253_47724254_47724255	47.1177724208303	18.4170711515918	59.9415398382967
BFAR_chr16_14726777_14726791_14726833	110.654128716051	127.493660294568	183.8952167609
BLM_chr15_91260576_91260629_91260594	12.8552852038216	26.3185887746941	27.3501566594625
BLM_chr15_91260626_91260629_91260594	6.05760773996713	26.3185887746941	27.3501566594625
C11orf48_chr11_62432682_62432658_62432656	67.291524894205	164.119867923459	197.650110722906
C12orf66_chr12_64616045_64616052_64616076	20.8864122074885	3.83193899766991	13.8613148050389
C19orf25_chr19_1479196_1479218_1479178	23.9015110825852	26.9126878441003	31.766621645329
C1orf123_chr1_53686306_53686296_53686283	38.977005458069	70.3413298176927	69.5726261327767
C2orf15_chr2_99797495_99797521_99797450	29.9042988430051	5.25777676424477	44.9894113921703
C2orf15_chr2_99797495_99797521_99797519	29.9042988430051	5.25777676424477	3.19262529098784
CAAP1_chr9_26892771_26892755_26892800	96.784673890606	53.0233419445023	153.724907761065
CALR_chr19_13054406_13054411_13054426	2.11056921256773	4.36662816013548	8.83292997173303
CAND1_chr12_67663148_67663166_67663122	2.63135901826626	4.90131732260105	8.24761533505192
CAND2_chr3_12883017_12883041_12883019	17.8713133323917	325.595994988061	179.186094456693
CAND2_chr3_12883064_12883041_12883019	24.2304309598685	325.595994988061	179.186094456693
CBX3_chr7_26241375_26241380_26241401	540.881328202585	599.535075891255	458.913280368744
CCDC51_chr3_48481686_48481667_48481717	86.7800276232395	37.9926354885257	6.91735479714032
CCHCR1_chr6_31125971_31125962_31125965	6.98954739226976	9.06001080844437	16.282388984038
CD164_chr6_109703655_109703614_109703703	195.241357157402	29.8831831911313	4.41646498586651
CD164_chr6_109703655_109703670_109703614	195.241357157402	65.1429629603885	7.68890590912905
CD164_chr6_109703655_109703670_109703703	195.241357157402	65.1429629603885	4.41646498586651
CDK11B_chr1_1590466_1590462_1590443	13.8146348458979	25.8136045656989	19.26217258896
CEPT1_chr1_111682715_111682717_111682707	113.641817601374	109.373638677679	47.1178282528289
CHD6_chr20_40247060_40247033_40247016	50.6536611016256	50.9439952015806	40.7591828816114
CHMP6_chr17_78965672_78965641_78965682	28.0404195383999	19.5458593834636	29.6648099954287
CISD3_chr17_36886577_36886594_36886579	15.9800240380128	7.87181266963199	9.20540292234828
CNPY4_chr7_99717247_99717264_99717302	15.3495942732199	4.06957862543239	58.3452271928028
COX18_chr4_73935458_73935426_73935422	9.67572639008324	4.27751329972456	6.38525058197568
CTNNA1_chr5_138089170_138089166_138089136	2.57653903871905	5.91128574059157	556.075510057807
DAXX_chr6_33290701_33290736_33290731	5.39976798540056	27.7147215877987	57.0681770764077
DDX24_chr14_94547538_94547584_94547536	57.4513385654801	6.47567985652745	56.4030468074519
DHX36_chr3_154042264_154042276_154042221	19.0499428926568	38.1411602558773	60.6066701072525
DHX37_chr12_125473643_125473677_125473641	25.3268305508128	22.6648794978461	8.11458928126076
DLEU1_chr13_50656389_50656400_50656365	8.46968684004454	46.3397274136827	10.1365852988864
DNAJB14_chr4_100867742_100867752_100867743	72.5268329409639	19.9914336855182	10.9081364108751
DNAJC1_chr10_22292659_22292654_22292621	22.0924517575272	36.3291580941884	8.32743096732662
DNAJC24_chr11_31391387_31391407_31391411	60.7953573178601	79.7280951143104	63.6928745552074
DNAJC2_chr7_102985229_102985214_102985178	8.46968684004454	47.2902859247326	29.2923370448134
DNPEP_chr2_220252633_220252634_220252651	8.36004688095011	4.84190741566043	13.4622366436654
DRAM2_chr1_111682715_111682717_111682707	113.641817601374	109.373638677679	47.1178282528289
DTNBP1_chr6_15663213_15663259_15663233	20.639722299526	3.38636469561527	3.75133471691071
DYNC1I2_chr2_172543985_172543982_172543994	22.7502915120937	92.5012251065435	39.2692910791504
ECE2_chr3_183967460_183967459_183967466	6.85249744340173	19.2191048952902	10.4292426172269
EEF2_chr19_3982376_3982374_3982310	9.04529662529028	6.35686004264621	164.127545167533
EFTUD1_chr15_82555036_82555042_82555034	13.8968648152187	10.9314228770739	23.0667177273872
EID1_chr15_49170333_49170327_49170331	124.907323398327	159.872059577205	143.402085986871
EIF1AD_chr11_65769607_65769601_65769628	7.1265973411378	15.1792312233281	2.34125854672442
EIF2B5_chr3_183967460_183967459_183967466	6.85249744340173	19.2191048952902	10.4292426172269
EIF2B5_chr3_184081168_184081197_184081146	216.456689242174	273.820261089312	163.089941947962
EIF3A_chr10_120801696_120801695_120801699	5.89314780132549	5.02013713648229	7.07698606168971
EIF5B_chr2_99980103_99980123_99980104	3.12473883419119	7.2480086467555	2.60731065430674
ELAC2_chr17_12921295_12921294_12921305	89.9047664574307	50.8251753876994	111.076754915619
ELOVL5_chr6_53213735_53213722_53213767	142.778636730718	151.762607279811	117.488610708353
EMC10_chr19_50979788_50979768_50979794	20.2011624631483	2.67344581232785	38.3913191241288
EPS15L1_chr19_16582785_16582770_16582774	6.08501772974074	2.25757646374351	4.33664935359182
ERICH1_chr8_681224_681203_681171	46.0487828196596	31.2199060972952	59.0635678832751
ETNK1_chr12_22778125_22778131_22778084	47.9948920935857	31.8140051667014	3.19262529098784
ETNK1_chr12_22778125_22778131_22778122	47.9948920935857	31.8140051667014	24.1309261577164
FAM133B_chr7_92219706_92219704_92219705	33.8239273806309	73.3415301181939	85.5889630092324
FAM71E1_chr19_50979788_50979768_50979794	20.2011624631483	2.67344581232785	38.3913191241288
FAU_chr11_64889632_64889660_64889657	3.01509887509676	65.0241431465073	42.8077841099953
FKBP1A_chr20_1373732_1373698_1373735	127.291992508631	11.614636806891	102.642903105259
FRG1_chr4_190862034_190862042_190862044	8.25040692185568	17.7041522683044	5.50727862695403
GAPDH_chr12_6643954_6643988_6643928	124.386533592628	34.7250906067917	4.7357275149653
GARS_chr7_30634379_30634367_30634385	21.4346120029606	24.2689469852428	3.93757119221834
GGA3_chr17_73257684_73257673_73257681	33.3853675442532	22.6351745443758	34.9326417255586
GGCX_chr2_85788566_85788588_85788557	2.74099897736069	2.34669132415444	17.0007296745103
GOT1_chr10_101190417_101190381_101190413	130.307091383727	146.415715655155	104.691504333643
GSPT1_chr16_12009805_12009809_12009822	159.361680543751	124.344935226715	149.202021932165
GTF2F1_chr19_6393169_6393195_6393148	4.7693382206076	13.2781142012283	13.5154470651819
GTF2F2_chr13_45694596_45694648_45694661	33.3031375749324	42.1810339278394	78.9376603196744
GTF3C3_chr2_197664398_197664400_197664378	26.0943102644738	31.5169556319983	17.772280786499
H2AFY_chr5_134734859_134734887_134734898	107.008600076161	77.7378632317997	49.6453232748609
HARBI1_chr11_46639113_46639118_46639104	51.5033707846074	31.873415073642	53.6361048885957
HAT1_chr2_172778976_172778971_172778996	20.2011624631483	72.6286112349065	33.2033030262736
HDGF_chr1_156713128_156713125_156713126	4.82415820015482	30.239642632775	4.94856920103115
HELLS_chr10_96305543_96305545_96305575	179.480613037578	34.1309915373855	378.219676139026
HFM1_chr1_91852939_91852945_91852942	2.87804892622873	7.81240276269137	4.33664935359182
HMGB2_chr4_174255542_174255504_174255535	310.96633398157	318.169756620484	192.541910257325
HMOX2_chr16_4526402_4526434_4526412	52.6820003448725	63.9844697750465	48.3150627369493
HNRNPL_chr19_39332850_39332851_39332853	18.2824631789958	6.98066406552271	7.60909027685435
HNRNPR_chr1_23670810_23670777_23670809	237.178641511021	378.797566653386	243.810151388438
HNRNPUL1_chr19_41770327_41770334_41770357	28.0678295281735	10.8423080166629	41.3444975182925
HPS5_chr11_18343715_18343677_18343731	35.5781667261418	12.6840151318221	10.4026374064687
HSP90AB1_chr6_44219799_44219756_44219748	2.46689907962462	52.6668825028586	28.9996797264729
IARS2_chr1_220267456_220267478_220267528	62.823696561107	92.1150607114295	50.2572431223003
IFI27L1_chr14_94547687_94547653_94547656	34.6462270738391	45.6268085303953	4.7357275149653
IFI27L1_chr14_94547687_94547653_94547702	34.6462270738391	45.6268085303953	31.8730424883619
IL27RA_chr19_14142601_14142610_14142541	156.894781464126	7.33712350716642	2.92657318340552
IMMT_chr2_86422538_86422585_86422543	19.0225329028832	27.2988522392143	2.63391586506497
IQCK_chr16_19729529_19729531_19729526	36.5923363477652	73.3415301181939	183.150270859669
IRF2_chr4_185395685_185395704_185395702	24.4223008882838	2.88138048662001	2.68712628658143
KB-1639H6.2_chr8_104033316_104033311_104033330	64.0571461009194	130.969139850594	156.412034047646
KCP_chr7_128502933_128502915_128502918	224.350766296973	739.980095898878	167.878879884444
KLC4_chr6_43027162_43027140_43027134	18.8032529846943	55.4591481290677	21.443799871135
KNOP1_chr16_19729529_19729531_19729526	36.5923363477652	73.3415301181939	183.150270859669
KTN1_chr14_56046952_56046964_56046925	19.0225329028832	4.45574302054641	21.1245373420362
LSM6_chr4_147096882_147096888_147096898	18.8580729642416	10.8423080166629	15.3512066074999
LSMD1_chr17_7760837_7760850_7760877	8.30522690140289	4.57456283442765	6.67790790031624
LTA4H_chr12_96429361_96429370_96429355	161.472249756318	85.4314461806099	315.165326642016
LUC7L_chr16_279446_279440_279448	46.2954727276221	45.1218243214	90.5641374210218
LUZP1_chr1_23495349_23495332_23495310	7.42810722864747	8.10945229739447	44.2444654909398
MALAT1_chr11_65267843_65267775_65267871	26.5602800906251	549.036654991729	2.34125854672442
MANBA_chr4_103682151_103682125_103682106	25.4090605201336	2.76256067273878	5.69351510226165
MDM2_chr12_69201981_69202004_69201959	83.3537789015386	7.06977892593364	27.8290504531107
MDM2_chr12_69201981_69202004_69202014	83.3537789015386	7.06977892593364	32.3519362820101
MINK1_chr17_4736661_4736673_4736701	38.4562156523705	2.10905169639197	3.05959923719668
MITD1_chr2_99797495_99797521_99797450	29.9042988430051	5.25777676424477	44.9894113921703
MITD1_chr2_99797495_99797521_99797519	29.9042988430051	5.25777676424477	3.19262529098784
MORF4L1_chr15_79165323_79165325_79165328	34.6462270738391	45.3297589956922	163.169757580237
MROH8_chr20_35807471_35807524_35807497	8.27781691162929	54.4194747576068	66.1405539449648
MRPL2_chr6_43027162_43027140_43027134	18.8032529846943	55.4591481290677	21.443799871135
MRPL30_chr2_99797495_99797521_99797450	29.9042988430051	5.25777676424477	44.9894113921703
MRPL30_chr2_99797495_99797521_99797519	29.9042988430051	5.25777676424477	3.19262529098784
MRPL47_chr3_179322422_179322442_179322423	6.11242771951434	14.5851321539219	11.2806093614904
MRPS14_chr1_174992556_174992568_174992561	185.757500695734	272.721177810911	146.913973806957
MTHFD2L_chr4_75023856_75023830_75023842	2.3846691103038	12.386965597119	5.24122651937171
NACA_chr12_57107466_57107433_57107467	15.7333341300504	5.40630153159631	10.6952947248093
NAT10_chr11_34127162_34127176_34127207	65.2083656714108	29.2593791682548	3.75133471691071
NDEL1_chr17_8339212_8339202_8339264	25.9298503258321	5.58453125241817	5.87975157756927
NDEL1_chr17_8339212_8339264_8339202	25.9298503258321	2.73285571926847	8.59348307490894
NDFIP2_chr13_80055545_80055570_80055522	32.2615579635353	4.4260380670761	11.5466614690727
NDUFA2_chr5_140019042_140019045_140019038	3.20696880351201	6.05981050794312	9.92374361282054
NDUFAF2_chr5_60241004_60240962_60240973	28.6160293236456	18.0903166634184	16.0163368764557
NDUFAF2_chr5_60241004_60240962_60241026	28.6160293236456	18.0903166634184	6.17240889590983
NDUFAF2_chr5_60241004_60241026_60240973	28.6160293236456	9.32735538967715	16.0163368764557
NDUFC2_chr11_77790643_77790646_77790647	2.79581895690791	8.97089594803344	5.3210421516464
NDUFC2-KCTD14_chr11_77790643_77790646_77790647	2.79581895690791	8.97089594803344	5.3210421516464
NDUFS4_chr5_52856469_52856475_52856487	12.0055755208398	15.8030352462046	17.6658599434661
NEK9_chr14_75593763_75593748_75593758	20.4204423813372	6.05981050794312	10.9879520431498
NMRAL1_chr16_4526402_4526434_4526412	52.6820003448725	63.9844697750465	48.3150627369493
NOP14_chr4_2965082_2965108_2965133	51.1470409175505	45.6268085303953	22.6410343552554
NRAS_chr1_115259383_115259386_115259367	87.7119672755421	87.1246285284175	107.165788934159
NRF1_chr7_129251586_129251589_129251590	13.8146348458979	10.6640782958411	10.2430061419193
NUCKS1_chr1_205719148_205719149_205719150	50.2973312345687	66.0044066110275	125.470173935822
NUDT22_chr11_63993631_63993681_63993652	3.28919877283283	14.3771974796298	7.63569548761259
NUP54_chr4_77069552_77069582_77069587	93.0020953018483	152.297296442276	191.770359145336
NXT1_chr20_23331413_23331428_23331403	10.2239261855554	8.46591173903818	16.9209140422356
OSTM1_chr6_108395941_108395945_108395923	5.48199795472138	7.78269780922107	20.9649060774868
PA2G4_chr12_56498366_56498326_56498380	81.2980296685181	152.356706349217	82.1834960321787
PAIP2_chr5_138677572_138677543_138677538	285.283173563701	364.479779080696	378.033439663719
PASK_chr2_242088864_242088887_242088885	17.1860635880515	3.05961020744187	8.7265091287001
PCMT1_chr6_150070866_150070903_150070915	22.2295017063952	150.960573536112	55.3122331663644
PCYT1A_chr3_196014623_196014545_196014577	28.0952395179471	35.7350590247822	3.21923050174607
PDHX_chr11_34937930_34937926_34937883	28.7804892622873	64.994438193037	7.58248506609612
PDSS2_chr6_107780730_107780685_107780716	6.41393760702402	15.743625339264	14.2337877556541
PEX16_chr11_45939426_45939380_45939394	21.6538919211495	4.45574302054641	6.7311183218327
PFDN1_chr5_139682675_139682679_139682671	22.03763177798	31.1307912368843	24.1841365792329
PHB2_chr12_7079849_7079819_7079786	168.269927220173	172.169910313913	287.735354350279
PI4KB_chr1_151299892_151299876_151299857	6.30429764792959	3.65370927684806	6.11919847439336
PIGG_chr4_493042_493010_493062	11.1832758276316	3.65370927684806	5.4008577839211
PLS1_chr3_142315280_142315260_142315235	10.4980260832914	14.8227717816844	51.5076880279372
PMVK_chr1_154909400_154909413_154909411	31.7407681578368	5.82217088018064	16.5750463023785
PNRC2_chr1_24286318_24286295_24286324	185.34635084913	69.509591120524	29.6914152061869
POLR2H_chr3_184081168_184081197_184081146	216.456689242174	273.820261089312	163.089941947962
POLR2I_chr19_36605773_36605775_36605794	121.837404543683	219.87606558723	192.435489414292
POP4_chr19_30097205_30097201_30097190	27.9581895690791	26.4077036351051	18.8364892168283
PPHLN1_chr12_42719916_42719892_42719888	16.3089439152961	59.8554812426735	24.3703730545405
PPIA_chr7_44836277_44836280_44836278	273.003498145125	448.010108239207	274.379538549647
PPIP5K2_chr5_102456005_102456036_102456000	44.2945434741488	118.166304904891	12.0787656842373
PPP1CB_chr2_28974636_28974609_28974714	37.4146360409734	7.99063248351323	113.710670780684
PPP2R4_chr9_131910284_131910289_131910283	6.63321752521287	6.56479471693838	10.7485051463257
PRKDC_chr8_48872711_48872696_48872717	23.7644611337172	43.9336261825876	36.1298762096791
PROSER1_chr13_39612163_39612136_39612198	9.78536634917767	8.67384641333035	114.721668789496
PRPSAP1_chr17_74350012_74349997_74349985	11.4573757253677	6.44597490305714	8.7265091287001
PSMA4_chr15_78833156_78833144_78833151	59.479677808727	3.56459441643713	2.28804812520795
PSMC2_chr7_102985229_102985214_102985178	8.46968684004454	47.2902859247326	29.2923370448134
PSMD14_chr2_162164948_162164997_162164971	303.620456722244	439.633311360579	302.581061953373
PSMD1_chr2_231921609_231921589_231921625	56.6016288824983	72.1830369328519	150.02678346567
RAB1A_chr2_65357241_65357240_65357235	68.0864145976396	103.254418262796	88.754983089462
RAD54L_chr1_46713431_46713389_46713411	3.45365871147447	13.6048686894017	2.58070544354851
RAN_chr12_131360635_131360636_131360633	15.130314355031	17.6150374078935	14.44662944172
RANGAP1_chr22_41682224_41682181_41682188	19.3788627699401	6.03010555447281	35.7041928375474
RECQL4_chr8_145743211_145743217_145743220	3.91962853762579	2.16846160333259	7.79532675216198
RHBDD1_chr2_227700797_227700804_227700786	13.2664350504257	2.76256067273878	5.08159525482231
RNF216P1_chr7_5013681_5013659_5013719	20.009292534733	4.36662816013548	14.9521284461264
RNF216P1_chr7_5013681_5013711_5013659	20.009292534733	19.9023188251073	4.31004414283359
RNF216P1_chr7_5013681_5013711_5013719	20.009292534733	19.9023188251073	14.9521284461264
RNH1_chr11_507217_507213_507242	10.5802560526123	9.65410987785056	3.325651344779
RNPC3_chr1_104068321_104068323_104068345	37.2501761023318	15.8624451531452	5.08159525482231
RNPC3_chr1_104068321_104068345_104068323	37.2501761023318	11.6443417603613	10.4026374064687
RP11-293I14.2_chr12_72080290_72080311_72080287	23.3533112871131	10.2779139007271	3.4054669770537
RP11-506M12.1_chr7_99717247_99717264_99717302	15.3495942732199	4.06957862543239	58.3452271928028
RP11-603J24.17_chr12_56498366_56498326_56498380	81.2980296685181	152.356706349217	82.1834960321787
RP11-739N20.2_chr1_204380946_204380945_204380940	4.87897817970203	5.43600648506662	3.80454513842718
RP11-831H9.11_chr11_62432682_62432658_62432656	67.291524894205	164.119867923459	197.650110722906
RP11-968A15.8_chr12_54673907_54673898_54673918	36.3182364500292	45.7159233908062	66.167159155723
RP3-322G13.7_chr20_23331413_23331428_23331403	10.2239261855554	8.46591173903818	16.9209140422356
RPL22_chr1_6259654_6259671_6259622	90.5900162017709	255.195255263428	201.401445439816
RPL32_chr3_12883017_12883041_12883019	17.8713133323917	325.595994988061	179.186094456693
RPL32_chr3_12883064_12883041_12883019	24.2304309598685	325.595994988061	179.186094456693
RPL8_chr8_146017262_146017257_146017217	6.27688765815598	10.6937832493114	23.731847996343
RPL8_chr8_146017775_146017805_146017748	372.392121064224	772.120855553752	692.37400477223
RPLP0P6_chr2_38709290_38709287_38709291	2.68617899781348	12.3572606436487	2.68712628658143
RPLP2_chr11_809967_809962_809997	629.004445324731	1568.45124818581	857.459337527059
RPLP2_chr11_810028_809962_809997	2.90545891600233	1568.45124818581	857.459337527059
RPN2_chr20_35807471_35807524_35807497	8.27781691162929	54.4194747576068	66.1405539449648
RPS25_chr11_118889061_118889071_118889047	407.860647831271	1418.14418362604	672.978806129479
RPS25_chr11_118889162_118889129_118889179	9.23716655370553	17.3476928266607	15.936521244181
RRP9_chr3_51975919_51975907_51975949	25.518700479228	27.1206225183925	51.2416359203549
RSU1_chr10_16859378_16859405_16859423	15.9526140482392	3.53488946296682	12.8237115854678
RWDD1_chr6_116892535_116892530_116892581	5.70127787291024	6.77272939123054	45.6545416611261
SAR1B_chr5_133968518_133968499_133968480	18.200233209675	37.2203066982977	7.15680169396441
SEC22C_chr3_42632364_42632368_42632387	187.265050133282	194.805084858289	235.828588160969
SEC22C_chr3_42632429_42632368_42632387	8.03112700366682	194.805084858289	235.828588160969
SEPT7_chr7_35840850_35840825_35840796	35.1121968999905	5.85187583365095	24.9556876912216
SEPT7_chr7_35840850_35840825_35840855	35.1121968999905	5.85187583365095	11.5200562583145
SEPT7_chr7_35840850_35840847_35840796	35.1121968999905	10.4858485750192	24.9556876912216
SEPT7_chr7_35840850_35840847_35840855	35.1121968999905	10.4858485750192	11.5200562583145
SERP1_chr3_150264289_150264288_150264283	6.85249744340173	28.6355751453783	19.2355673782017
SERPINH1_chr11_75273162_75273295_75273188	15.1577243448046	52.9639320375617	211.378399474153
SF3B4_chr1_149899682_149899695_149899672	70.0873438511129	51.0034051085213	113.737275991442
SGTA_chr19_2783261_2783258_2783252	10.5254360730651	10.3373238076677	28.3877598790336
SHC4_chr15_49170333_49170327_49170331	124.907323398327	159.872059577205	143.402085986871
SHISA5_chr3_48514494_48514538_48514567	326.590028152526	240.194253760922	509.276944334077
SIRT7_chr17_79876043_79876024_79876016	44.4590034127904	27.8929513086205	15.2181805537087
SLC25A12_chr2_172778976_172778971_172778996	20.2011624631483	72.6286112349065	33.2033030262736
SLC25A38_chr3_39424861_39424838_39424898	26.9988399270028	11.5552268999504	13.5154470651819
SLC25A39_chr17_42402188_42402191_42402169	17.1586535982779	35.5271243504901	56.0305738568366
SLC31A1_chr9_115983821_115983847_115983868	35.9070866034251	106.403143330648	99.5566986573042
SLC33A1_chr3_155572226_155572216_155572195	63.4267163361264	60.5089902190203	36.0766657881626
SLC35B4_chr7_134001716_134001720_134001696	9.29198653325274	16.991233385017	9.60448108372176
SNRNP40_chr1_31769611_31769620_31769601	94.8933845962271	175.942439404643	131.536161988699
SNRPE_chr1_203830755_203830731_203830807	150.426023877555	114.096726279458	26.2859482291332
SNRPE_chr1_203830755_203830807_203830731	150.426023877555	25.7838996122286	55.8975478030455
SOD2_chr6_160148150_160148162_160148159	15.0206743959366	23.8827825901288	16.1759681410051
SPOP_chr17_47755362_47755459_47755358	11.5396056946885	89.1148604109282	8.51366744263424
SS18L2_chr3_42632364_42632368_42632387	187.265050133282	194.805084858289	235.828588160969
SS18L2_chr3_42632429_42632368_42632387	8.03112700366682	194.805084858289	235.828588160969
STK25_chr2_242448010_242447999_242447968	13.4308949890674	6.17863032182436	38.1252670165465
SYNJ2BP_chr14_70883767_70883784_70883750	92.4813054961497	8.91148604109282	141.646142076827
SYVN1_chr11_64889632_64889660_64889657	3.01509887509676	65.0241431465073	42.8077841099953
TADA3_chr3_9834129_9834119_9834094	12.4167253674439	29.2593791682548	14.5264450739947
TAF6_chr7_99717247_99717264_99717302	15.3495942732199	4.06957862543239	58.3452271928028
TAMM41_chr3_11888359_11888369_11888357	18.4469231176375	27.6553116808581	20.6722487591463
TBCB_chr19_36605773_36605775_36605794	121.837404543683	219.87606558723	192.435489414292
TBL3_chr16_2022064_2022080_2022067	25.9572603156057	29.2890841217251	34.6665896179763
TCEB1_chr8_74884517_74884375_74884364	56.272709005215	406.423173380773	505.232952298826
TCTEX1D2_chr3_196014623_196014545_196014577	28.0952395179471	35.7350590247822	3.21923050174607
TIMM10B_chr11_6502738_6502710_6502731	82.9700390447081	106.789307725762	61.2185899546919
TIPRL_chr1_168148231_168148200_168148183	53.8880398949112	70.7274942128067	8.0613788597443
TIPRL_chr1_168148231_168148200_168148221	53.8880398949112	70.7274942128067	7.9815632274696
TKT_chr3_53290038_53290010_53290032	69.3472741272255	102.511794426038	313.569013996522
TM9SF4_chr20_30697533_30697528_30697535	36.7019763068597	33.8636469561527	60.2608023673955
TMA7_chr3_48481686_48481667_48481717	86.7800276232395	37.9926354885257	6.91735479714032
TMCO6_chr5_140019042_140019045_140019038	3.20696880351201	6.05981050794312	9.92374361282054
TMEM19_chr12_72080290_72080311_72080287	23.3533112871131	10.2779139007271	3.4054669770537
TMEM33_chr4_41937198_41937139_41937154	2.79581895690791	52.0133735265118	44.8031749168627
TMEM66_chr8_29940579_29940590_29940580	20.3108024222427	15.4465758045609	25.3813710633533
TNFRSF1A_chr12_6451207_6451193_6451242	6.90731742294894	11.3472922256582	37.3537159045577
TOMM70A_chr3_100119947_100119923_100119903	31.2473883419119	24.773931194238	12.1851865272703
TOR3A_chr1_179051205_179051211_179051176	76.9398412945146	45.2406441352812	3.11280965871315
TRAPPC4_chr11_118889162_118889129_118889179	9.23716655370553	17.3476928266607	15.936521244181
TRPT1_chr11_63993631_63993681_63993652	3.28919877283283	14.3771974796298	7.63569548761259
TSEN34_chr19_54695159_54695128_54695117	3.42624872170086	31.0713813299436	32.2721206497354
TSPAN3_chr15_77363495_77363464_77363484	7.83925707525158	35.7350590247822	71.1423335675124
TUBGCP2_chr10_135122364_135122348_135122352	35.6603966954626	25.1006856824115	36.7684012678766
TUBGCP2_chr10_135122415_135122405_135122445	7.04436737181698	7.45594332104766	27.5629983455284
TVP23B_chr17_18684587_18684584_18684583	38.839955509201	14.9118866420953	10.322821774194
TXNDC9_chr2_99952796_99952784_99952775	58.2736382586883	119.413912950644	105.436450234873
UBAP2L_chr1_154193392_154193391_154193434	2.71358898758708	2.40610123109506	164.074334746017
UBE2B_chr5_133707237_133707236_133707235	13.5131249583882	18.0606117099481	10.7218999355675
UBE2E1-AS1_chr3_23847446_23847473_23847403	19.4885027290345	6.50538480999776	65.5020288867672
UBE2E1_chr3_23847446_23847473_23847403	19.4885027290345	6.50538480999776	65.5020288867672
UBE3C_chr7_156985020_156985024_156985030	51.0374009584561	74.6188431174172	34.9592469363169
UBE3D_chr6_83775531_83775550_83775560	2.35725912053019	2.49521609150599	4.84214835799823
UMPS_chr3_124449283_124449295_124449304	29.7124289145899	22.2193051957914	51.9067661893107
USP4_chr3_49377486_49377472_49377481	26.7247400292667	8.05004239045385	6.62469747879977
UTP6_chr17_30228715_30228738_30228685	26.7247400292667	36.9826670705352	35.2252990438992
VAMP8_chr2_85804675_85804709_85804674	500.616053225157	610.110039326685	137.016835404895
VMP1_chr17_57785006_57785026_57785051	84.8339183493134	129.63241694443	127.971063747096
VMP1_chr17_57785050_57785026_57785051	4.11149846604104	129.63241694443	127.971063747096
VPS4B_chr18_61089650_61089654_61089680	22.311731675716	2.37639627762475	79.4165541133225
VPS53_chr17_618097_618076_618067	7.04436737181698	2.79226562620908	6.89074958638209
WDR41_chr5_76788054_76788047_76788049	109.146579278503	55.7264927103004	30.9684653225821
WDR70_chr5_37379404_37379430_37379387	40.0734050490133	62.1427626598873	10.5090582495016
WSB2_chr12_118498987_118498990_118498980	16.3089439152961	15.3277559906797	12.5842646886437
WTAP_chr6_160148150_160148162_160148159	15.0206743959366	23.8827825901288	16.1759681410051
YWHAE_chr17_1303418_1303406_1303516	3.70034861943693	5.40630153159631	1099.30070331939
ZCRB1_chr12_42719916_42719892_42719888	16.3089439152961	59.8554812426735	24.3703730545405
ZDHHC7_chr16_85045111_85045107_85045118	5.18048806721171	7.06977892593364	2.60731065430674
ZNF292_chr6_87865287_87865285_87865299	38.5110356319177	11.7631615742425	14.2869981771706
ZNF394_chr7_99097920_99097909_99097911	54.3814197108361	28.7543949592595	25.3281606418369
ZNF511_chr10_135122364_135122348_135122352	35.6603966954626	25.1006856824115	36.7684012678766
ZNF511_chr10_135122415_135122405_135122445	7.04436737181698	7.45594332104766	27.5629983455284
ZNF789_chr7_99070513_99070516_99070535	11.7588856128774	16.8724135711357	6.09259326363513
ZNF789_chr7_99097920_99097909_99097911	54.3814197108361	28.7543949592595	25.3281606418369
ZNHIT3_chr17_34842536_34842521_34842497	53.065740201703	119.354503043703	112.779488404145
