Tag_id	Gm12878	K562	H1hesc
chr10_102106867	73.568412552361	67.9649335400679	68.8542854423044
chr10_103543172	4.741928230834	13.9019182241048	11.5466614690727
chr10_104503708	18.9951229131096	5.58453125241817	11.7328979443803
chr10_105726927	17.5423934551084	13.1889993408174	7.3164329585138
chr10_112064740	7.48292720819469	5.64394115935879	5.10820046558055
chr10_72163891	48.4060419401898	52.0133735265118	103.547480271039
chr10_75504025	33.3853675442532	20.4073030341026	16.3089941947962
chr10_93790342	8.52450681959175	3.83193899766991	5.64030468074519
chr10_94969419	8.88083668664864	13.0404745734658	22.1089301400908
chr10_977644	133.541470177013	105.809044261242	64.4378204564379
chr1_100715393	8.55191680936536	10.4264386680786	5.42746299467933
chr1_108113597	7.04436737181698	4.54485788095734	14.2603929664124
chr11_119205237	3.83739856830497	5.376596578126	15.6438639258404
chr11_127811705	16.2541239357489	50.8251753876994	91.8943979589334
chr1_11322597	3.28919877283283	5.46571143853693	16.1759681410051
chr1_113615824	4.60487828196596	11.7334566207722	16.0163368764557
chr11_27912605	6.96213740249616	9.23824052926623	9.36503418689767
chr1_149858468	30.7814185157606	87.36226815618	27.9886817176601
chr1_156265470	7.48292720819469	21.9519606145587	53.8755517854198
chr11_576483	6.03019775019352	4.36662816013548	7.05038085093148
chr11_62494946	216.566329201268	73.3415301181939	63.8259006089986
chr1_164325980	56.7934988109135	65.5291273555026	276.082272038174
chr1_16971190	17.0490136391835	52.6965874563289	3.24583571250431
chr1_173991516	15.3495942732199	4.51515292748703	5.87975157756927
chr11_74457202	13.3760750095202	45.3594639491625	39.6949744512822
chr1_203764763	19.8174226063178	18.7735305932355	11.6264771013474
chr12_115470413	115.971666732131	66.3608660526712	127.545380374964
chr1_211848963	8.05853699344043	14.0801479449267	3.48528260932839
chr1_224045161	30.9458784544022	46.4585472275639	28.7602328296488
chr1_228645572	4.33077838422989	67.4302443776024	5.79993594529458
chr12_31945231	103.554941364687	85.639380854902	193.845565584478
chr1_24104780	12.060395500387	30.5663971209484	7.07698606168972
chr12_53662055	6.79767746385452	5.0498420899526	7.4760642230632
chr1_25757388	21.8183518597911	20.7934674292166	7.28982774775557
chr12_79257504	26.9440199474556	112.641183559413	50.4700848083661
chr13_52158598	5.64645789336302	6.03010555447281	55.9773634353202
chr1_43824624	4.41300835355071	11.5552268999504	12.1851865272703
chr15_40226336	3.50847869102169	5.94099069406188	36.7950064786349
chr1_6296043	5.18048806721171	4.27751329972456	27.8822608746271
chr16_72040542	10.2239261855554	7.33712350716642	14.2071825448959
chr17_17287367	183.208371646789	573.959110953318	412.274345909563
chr17_21002365	7.64738714683633	20.0805485459292	18.118148526356
chr17_25409539	6.52357756611845	16.6941838503139	14.7126815493023
chr17_30264037	118.493385791303	51.0628150154619	48.7939565305975
chr17_38599702	6.52357756611845	29.2593791682548	27.3767618702207
chr17_41393272	48.4882719095106	13.248409247758	21.8162728217502
chr19_24184135	6.30429764792959	4.18839843931363	8.30082575656839
chr19_3094360	8.16817695253486	12.2384408297675	21.5502207141679
chr19_36066706	31.5763082191952	22.0707804284399	30.2501246321098
chr19_42011984	222.377247033273	5.13895695036353	3.325651344779
chr19_4969125	9.5112664514416	4.51515292748703	6.54488184652508
chr19_51611636	14.4998845902381	7.87181266963199	10.1631905096446
chr19_5576962	14.1161447334076	34.9330252810839	54.9663654265073
chr19_55919156	62.1110368269933	137.385409800181	207.387617860419
chr1_97145196	23.1888513484715	15.8921501066155	10.6154790925346
chr20_13765552	23.4081312666603	35.230074815787	74.4945901230496
chr20_36073957	8.79860671732782	17.2882829197201	11.7595031551385
chr20_44486256	7.1540073309114	3.23783992826373	4.57609625041591
chr20_60813577	4.44041834332432	4.27751329972456	6.91735479714032
chr20_60962147	32.8371677487811	165.486295783094	69.9983095049084
chr20_62496618	32.0696880351201	39.7155227898037	39.1628702361175
chr2_128848774	5.37235799562696	6.20833527529467	6.43846100349215
chr21_33104406	10.9639959094428	4.01016871849177	17.7988859972572
chr2_172374247	695.967050341653	758.218937329648	469.66178551507
chr22_22652521	4.65969826151318	29.0811494474329	4.97517441178939
chr22_25844072	36.0441365522931	32.1407596548748	47.5435116249606
chr2_237814626	7.37328724910026	7.01036901899302	7.13019648320618
chr22_40440775	7.1540073309114	5.02013713648229	11.2007937292157
chr2_91847996	61.6724769906156	47.5279255524951	3.11280965871315
chr3_10195267	10.9914058992164	11.8819813881238	5.72012031301988
chr3_122785872	10.6076660423859	22.1004853819102	17.6126495219496
chr3_132136361	7.40069723887387	3.00020030050125	8.59348307490894
chr3_174095011	12.8826951935953	18.1200216168887	24.423583476057
chr3_45201682	36.5649263579916	78.629011835909	123.448177918197
chr3_52029967	6.38652761725041	18.4764810585325	29.3721526770881
chr3_90084420	5.26271803653253	3.50518450949651	3.67151908463602
chr4_153848566	56.1082490665734	88.4019415276408	80.1615000145531
chr4_56262124	13.2390250606521	30.2990525397156	39.9876317696227
chr4_74804013	18.0905932505806	24.2689469852428	33.25651344779
chr4_76649762	2.49430906939823	4.30721825319486	28.7602328296488
chr5_125964141	5.70127787291024	5.88158078712126	5.34764736240463
chr5_156197553	7.59256716728912	3.98046376502146	4.76233272572353
chr5_165809665	11.3751457560469	20.4370079875729	10.9347416216334
chr5_174059888	35.3588868079529	106.343733423708	74.9468787059396
chr5_179334885	7.37328724910026	3.62400432337775	7.07698606168972
chr5_179921399	10.3061561548762	8.31738697168663	13.2227897468413
chr5_71146884	5.01602812857007	2.8516755331497	40.0408421911392
chr5_75672492	67.7849047101299	265.562284024566	178.840226716836
chr6_117996642	3.70034861943693	2.97049534703094	4.38985977510828
chr6_139695785	17.7890833630709	63.5091905195215	85.1632796371007
chr6_154897430	19.5159127188081	12.7434250387627	12.3182125810614
chr6_26027511	49.995821347059	43.9930360895282	34.4271427211522
chr6_26032327	46.2680627378485	73.6682846063673	24.9290824804634
chr6_26156556	9.01788663551667	14.109852898397	5.85314636681104
chr6_26204838	164.487348631415	152.921100465153	206.589461537672
chr6_26217147	25.8750303462849	29.1405593543735	9.81732276978761
chr6_27100574	181.892692137655	555.423219987845	9.55127066220529
chr6_27100822	21.2153320847718	87.9860721790565	12.8237115854678
chr6_27777829	43.0610939343365	264.700840373927	19.4750142750258
chr6_27806153	23.1066213791506	89.9168941546266	16.4686254593456
chr6_27835366	45.4183530548667	12.1493259693565	29.5051787308793
chr6_31248068	12.6360052856328	19.5458593834636	38.870212917777
chr6_3157778	5.04343811834367	58.7266930108017	314.021302579412
chr6_43596996	6.98954739226976	9.17883062232561	5.4008577839211
chr6_88411950	22.805111491641	18.4170711515918	61.0323534793842
chr6_88411990	5.45458796494778	6.26774518223529	5.29443694088817
chr7_128171400	9.78536634917767	5.28748171771507	3.80454513842718
chr7_128594589	69.8406539431504	129.780941711782	110.145572539081
chr7_148725752	6.82508745362812	35.8538788386635	236.972612223572
chr7_23510110	10.0868762366873	7.27771360022581	62.6020609141199
chr7_23621965	8.49709682981814	14.496017293511	14.1273669126212
chr7_2547271	8.77119672755421	12.0899160624159	11.3072145722486
chr7_27088475	10.3335661446498	6.56479471693838	15.4044170290163
chr7_72936623	6.93472741272255	11.4364070860691	11.8925292089297
chr7_97601625	57.0950086984232	40.992835789027	23.6786375748265
chr8_145515095	3.39883873192726	8.55502659944911	10.1631905096446
chr8_17780299	5.5642279240422	3.8022340441996	4.97517441178939
chr8_23493146	11.1010458583108	17.9417918960669	87.265091287001
chr8_37757015	133.568880166786	98.2342811263132	64.5442412994709
chr8_38458782	14.7465744982005	39.5967029759224	26.259343018375
chr9_108456822	6.19465768883516	35.8835837921338	14.9787336568846
chr9_139294622	15.2125443243518	10.0996841799052	20.7786696021792
chr9_140083012	23.7918711234908	6.41626994958683	14.2869981771706
chr9_140100100	19.9270625654122	23.615438008896	42.089443419523
chr9_140484952	2.98768888532315	7.93122257657261	9.97695403433701
chr9_23411244	5.48199795472138	5.0498420899526	7.10359127244795
chr9_34049197	2.60394902849266	3.05961020744187	3.27244092326254
chr9_80646861	11.6218356640093	3.95075881155115	4.25683372131712
chr9_91925717	8.36004688095011	11.6740467138316	8.0613788597443
chr9_94793884	3.75516859898415	5.6736461128291	4.68251709344883
chr9_94877688	3.91962853762579	12.9513597130549	5.53388383771226
chr9_99417599	11.7588856128774	30.2099376793047	14.8989180246099
